0 0.038723 0.461224 0.055707 0.134694
0 0.038723 0.655102 0.055707 0.134694
0 0.391984 0.167347 0.033967 0.061224
0 0.790082 0.464286 0.052989 0.132653
0 0.958560 0.593878 0.036685 0.061224
0 0.819973 0.716327 0.031250 0.044898
0 0.777174 0.787755 0.027174 0.048980
0 0.718750 0.720408 0.032609 0.044898
0 0.590353 0.729592 0.031250 0.046939
0 0.646739 0.842857 0.027174 0.040816
0 0.514266 0.756122 0.028533 0.046939
0 0.411005 0.748980 0.025815 0.036735
0 0.363451 0.689796 0.033967 0.044898
0 0.358696 0.871429 0.035326 0.044898
