0 0.207201 0.461224 0.050272 0.138776
0 0.042120 0.590816 0.043478 0.059184
0 0.180707 0.715306 0.032609 0.042857
0 0.222826 0.791837 0.029891 0.053061
0 0.278533 0.720408 0.027174 0.044898
0 0.353261 0.844898 0.029891 0.048980
0 0.406929 0.728571 0.028533 0.053061
0 0.483696 0.751020 0.029891 0.048980
0 0.588995 0.744898 0.025815 0.032653
0 0.639266 0.692857 0.033967 0.046939
0 0.637908 0.869388 0.028533 0.053061
0 0.959239 0.648980 0.054348 0.130612
0 0.963315 0.462245 0.054348 0.136735
0 0.605299 0.168367 0.039402 0.055102
