0 0.204478 0.138770 0.146269 0.034335
0 0.423881 0.133047 0.107463 0.040057
0 0.658209 0.138054 0.164179 0.038627
0 0.332836 0.253934 0.086567 0.044349
0 0.323881 0.298283 0.080597 0.032904
0 0.523881 0.201717 0.080597 0.037196
0 0.525373 0.358369 0.083582 0.038627
0 0.388060 0.351216 0.083582 0.035765
0 0.323881 0.410587 0.092537 0.037196
0 0.322388 0.459943 0.095522 0.035765
0 0.325373 0.645923 0.083582 0.032904
0 0.320896 0.703147 0.086567 0.032904
0 0.261194 0.819027 0.086567 0.032904
0 0.347761 0.861230 0.080597 0.040057
0 0.610448 0.859800 0.074627 0.040057
0 0.507463 0.783262 0.101493 0.035765
0 0.435821 0.726753 0.083582 0.037196
0 0.937313 0.556509 0.089552 0.045780
0 0.844776 0.484979 0.089552 0.040057
