0 0.139485 0.386567 0.041488 0.080597
0 0.137339 0.655224 0.040057 0.074627
0 0.176681 0.737313 0.032904 0.083582
0 0.214592 0.492537 0.037196 0.071642
0 0.271102 0.553731 0.035765 0.086567
0 0.292561 0.671642 0.035765 0.071642
0 0.351216 0.668657 0.035765 0.071642
0 0.443491 0.056716 0.042918 0.083582
0 0.514306 0.143284 0.038627 0.083582
0 0.543634 0.671642 0.037196 0.077612
0 0.589413 0.670149 0.034335 0.080597
0 0.646638 0.597015 0.040057 0.071642
0 0.641631 0.473134 0.030043 0.080597
0 0.703863 0.670149 0.034335 0.074627
0 0.745351 0.667164 0.034335 0.074627
0 0.859800 0.794030 0.037196 0.149254
0 0.864092 0.577612 0.042918 0.086567
0 0.797568 0.473134 0.035765 0.074627
0 0.859084 0.341791 0.035765 0.146269
