0 0.257380 0.181771 0.053506 0.028125
0 0.630074 0.156771 0.071956 0.032292
0 0.745387 0.156250 0.062731 0.033333
0 0.517528 0.250000 0.079336 0.041667
0 0.428044 0.288542 0.070111 0.039583
0 0.275830 0.360417 0.068266 0.043750
0 0.428967 0.402083 0.079336 0.041667
0 0.590406 0.333854 0.084871 0.046875
0 0.532288 0.502604 0.083026 0.044792
0 0.374539 0.500521 0.073801 0.057292
0 0.438192 0.560417 0.068266 0.062500
0 0.430812 0.661458 0.116236 0.060417
0 0.607011 0.670833 0.095941 0.047917
0 0.693727 0.622917 0.070111 0.035417
0 0.832103 0.627083 0.077491 0.041667
