0 0.035326 0.344898 0.057065 0.138776
0 0.036005 0.538776 0.055707 0.126531
0 0.389946 0.829592 0.043478 0.046939
0 0.959918 0.408163 0.036685 0.057143
0 0.790761 0.537755 0.057065 0.124490
0 0.819973 0.285714 0.025815 0.044898
0 0.718071 0.279592 0.031250 0.036735
0 0.777853 0.206122 0.023098 0.044898
0 0.644701 0.157143 0.028533 0.040816
0 0.591033 0.263265 0.027174 0.040816
0 0.512908 0.250000 0.031250 0.034694
0 0.410326 0.257143 0.032609 0.048980
0 0.359375 0.309184 0.036685 0.038776
0 0.361413 0.128571 0.029891 0.048980
