0 0.214444 0.329000 0.035556 0.054000
0 0.214444 0.467000 0.031111 0.046000
0 0.217222 0.603000 0.032222 0.050000
0 0.175000 0.910000 0.070000 0.052000
0 0.325556 0.618000 0.073333 0.076000
0 0.396667 0.665000 0.040000 0.114000
0 0.357222 0.323000 0.061111 0.066000
0 0.300556 0.287000 0.036667 0.066000
0 0.423333 0.278000 0.028889 0.048000
0 0.499444 0.277000 0.030000 0.046000
0 0.592222 0.280000 0.031111 0.052000
0 0.670000 0.277000 0.024444 0.046000
0 0.762222 0.067000 0.031111 0.058000
0 0.789444 0.216000 0.034444 0.052000
0 0.788333 0.349000 0.032222 0.094000
0 0.788333 0.485000 0.034444 0.054000
0 0.804444 0.539000 0.037778 0.046000
0 0.806667 0.623000 0.031111 0.054000
0 0.793889 0.691000 0.041111 0.066000
0 0.710000 0.754000 0.031111 0.060000
0 0.614444 0.506000 0.035556 0.104000
0 0.652222 0.453000 0.028889 0.066000
0 0.409444 0.406000 0.032222 0.052000
