0 0.155000 0.353333 0.042500 0.053333
0 0.153125 0.487500 0.043750 0.055000
0 0.224375 0.479167 0.048750 0.048333
0 0.292500 0.364167 0.035000 0.048333
0 0.333125 0.403333 0.038750 0.053333
0 0.324375 0.605833 0.043750 0.058333
0 0.406875 0.536667 0.038750 0.050000
0 0.456875 0.540000 0.033750 0.053333
0 0.636875 0.547500 0.046250 0.055000
0 0.439375 0.270000 0.071250 0.056667
0 0.600625 0.160000 0.076250 0.060000
0 0.743125 0.165833 0.076250 0.065000
0 0.877500 0.161667 0.072500 0.063333
0 0.885000 0.485000 0.037500 0.046667
0 0.850625 0.537500 0.043750 0.045000
0 0.744375 0.671667 0.086250 0.073333
