0 0.434502 0.342708 0.108856 0.054167
0 0.601476 0.329688 0.081181 0.048958
0 0.443727 0.438542 0.068266 0.062500
0 0.375461 0.497396 0.086716 0.048958
0 0.528598 0.491146 0.075646 0.044792
0 0.429889 0.592708 0.077491 0.043750
0 0.280443 0.634896 0.062731 0.046875
0 0.436347 0.707292 0.079336 0.043750
0 0.260148 0.814583 0.051661 0.033333
0 0.628229 0.841667 0.071956 0.037500
0 0.743542 0.839063 0.070111 0.036458
0 0.595941 0.665625 0.070111 0.039583
0 0.695572 0.375000 0.081181 0.043750
0 0.829336 0.378125 0.071956 0.039583
