0 0.150909 0.193989 0.032727 0.049180
0 0.130909 0.480874 0.036364 0.043716
0 0.163636 0.653005 0.029091 0.038251
0 0.201818 0.653005 0.032727 0.049180
0 0.420000 0.284153 0.032727 0.043716
0 0.536364 0.409836 0.032727 0.054645
0 0.578182 0.284153 0.036364 0.054645
0 0.461818 0.084699 0.021818 0.049180
0 0.707273 0.174863 0.032727 0.054645
0 0.823636 0.180328 0.032727 0.054645
0 0.845455 0.325137 0.032727 0.049180
0 0.845455 0.409836 0.032727 0.054645
0 0.843636 0.614754 0.029091 0.038251
0 0.843636 0.672131 0.036364 0.054645
0 0.701818 0.661202 0.029091 0.054645
0 0.667273 0.655738 0.032727 0.043716
0 0.645455 0.330601 0.040000 0.060109
