0 0.176681 0.262687 0.038627 0.077612
0 0.138054 0.347761 0.041488 0.074627
0 0.138054 0.607463 0.044349 0.080597
0 0.216023 0.510448 0.037196 0.077612
0 0.268240 0.437313 0.035765 0.074627
0 0.297568 0.325373 0.037196 0.077612
0 0.349070 0.325373 0.034335 0.065672
0 0.540057 0.331343 0.035765 0.077612
0 0.587268 0.331343 0.035765 0.077612
0 0.442775 0.931343 0.047210 0.101493
0 0.515021 0.849254 0.042918 0.080597
0 0.640200 0.525373 0.035765 0.083582
0 0.648069 0.394030 0.037196 0.077612
0 0.704578 0.334328 0.032904 0.083582
0 0.745351 0.331343 0.040057 0.077612
0 0.859084 0.198507 0.041488 0.140299
0 0.861946 0.420896 0.044349 0.089552
0 0.793276 0.520896 0.041488 0.074627
0 0.862661 0.653731 0.040057 0.143284
