0 0.160000 0.123125 0.066667 0.078750
0 0.485000 0.115625 0.053333 0.033750
0 0.540833 0.146875 0.055000 0.043750
0 0.151667 0.392500 0.066667 0.090000
0 0.154167 0.245625 0.068333 0.086250
0 0.668333 0.254375 0.086667 0.088750
0 0.535000 0.367500 0.060000 0.040000
0 0.530000 0.537500 0.053333 0.042500
0 0.257500 0.556875 0.068333 0.071250
0 0.531667 0.590000 0.066667 0.042500
0 0.347500 0.845625 0.061667 0.033750
0 0.486667 0.847500 0.063333 0.042500
0 0.478333 0.776875 0.066667 0.038750
0 0.360000 0.708125 0.060000 0.036250
0 0.406667 0.661250 0.056667 0.037500
0 0.612500 0.670625 0.058333 0.046250
