0 0.138770 0.340299 0.042918 0.161194
0 0.202432 0.473134 0.041488 0.092537
0 0.137339 0.579104 0.048641 0.095522
0 0.139485 0.798507 0.041488 0.146269
0 0.253219 0.671642 0.040057 0.077612
0 0.296853 0.668657 0.035765 0.071642
0 0.353362 0.602985 0.037196 0.083582
0 0.412732 0.664179 0.041488 0.080597
0 0.457797 0.668657 0.037196 0.077612
0 0.649499 0.668657 0.040057 0.083582
0 0.706724 0.673134 0.042918 0.086567
0 0.822604 0.738806 0.034335 0.086567
0 0.859084 0.649254 0.035765 0.074627
0 0.860515 0.392537 0.035765 0.074627
0 0.783977 0.491045 0.037196 0.074627
0 0.728183 0.555224 0.037196 0.083582
0 0.556509 0.056716 0.045780 0.083582
0 0.484979 0.152239 0.042918 0.089552
0 0.355508 0.473134 0.035765 0.080597
