0 0.320000 0.215000 0.064000 0.036667
0 0.282000 0.298889 0.068000 0.026667
0 0.471000 0.212778 0.050000 0.030000
0 0.601000 0.211667 0.062000 0.032222
0 0.902000 0.170556 0.068000 0.078889
0 0.612000 0.321667 0.080000 0.072222
0 0.672000 0.393889 0.132000 0.041111
0 0.326000 0.360000 0.084000 0.068889
0 0.277000 0.420556 0.070000 0.034444
0 0.285000 0.502778 0.074000 0.032222
0 0.286000 0.592222 0.064000 0.028889
0 0.292000 0.673333 0.072000 0.033333
0 0.497000 0.616667 0.098000 0.035556
0 0.218000 0.788889 0.048000 0.035556
0 0.356000 0.786111 0.104000 0.025556
0 0.481000 0.788889 0.054000 0.033333
0 0.546000 0.811667 0.064000 0.038889
0 0.626000 0.809444 0.060000 0.032222
0 0.694000 0.795556 0.072000 0.035556
0 0.748000 0.706111 0.064000 0.030000
0 0.900000 0.833333 0.076000 0.037778
