0 0.136624 0.200000 0.050072 0.167164
0 0.136624 0.423881 0.044349 0.089552
0 0.135908 0.667164 0.051502 0.164179
0 0.253219 0.335821 0.040057 0.092537
0 0.203863 0.532836 0.038627 0.104478
0 0.355508 0.520896 0.041488 0.110448
0 0.351931 0.394030 0.040057 0.095522
0 0.412732 0.334328 0.030043 0.113433
0 0.459943 0.329851 0.038627 0.092537
0 0.647353 0.341791 0.047210 0.092537
0 0.706724 0.346269 0.037196 0.107463
0 0.821173 0.255224 0.040057 0.104478
0 0.856223 0.356716 0.055794 0.074627
0 0.728898 0.444776 0.044349 0.071642
0 0.783262 0.504478 0.035765 0.101493
0 0.859800 0.616418 0.051502 0.086567
0 0.484979 0.852239 0.045780 0.062687
0 0.555794 0.935821 0.047210 0.128358
