0 0.239444 0.077000 0.034444 0.046000
0 0.115000 0.160000 0.034444 0.056000
0 0.210000 0.221000 0.037778 0.050000
0 0.208333 0.331000 0.027778 0.058000
0 0.327222 0.275000 0.023333 0.038000
0 0.406667 0.274000 0.028889 0.048000
0 0.498889 0.278000 0.028889 0.048000
0 0.575556 0.278000 0.028889 0.052000
0 0.701111 0.275000 0.031111 0.042000
0 0.642222 0.329000 0.060000 0.054000
0 0.589444 0.405000 0.032222 0.050000
0 0.677222 0.608000 0.065556 0.080000
0 0.785556 0.322000 0.031111 0.052000
0 0.786111 0.468000 0.036667 0.052000
0 0.783333 0.602000 0.031111 0.056000
0 0.826111 0.904000 0.063333 0.060000
0 0.602778 0.665000 0.038889 0.118000
0 0.290000 0.756000 0.028889 0.052000
0 0.204444 0.692000 0.035556 0.052000
0 0.192778 0.623000 0.036667 0.058000
0 0.189444 0.537000 0.032222 0.058000
0 0.211111 0.480000 0.035556 0.052000
0 0.351111 0.454000 0.033333 0.060000
0 0.385556 0.499000 0.028889 0.102000
