0 0.139485 0.389552 0.041488 0.068657
0 0.211731 0.492537 0.037196 0.089552
0 0.133763 0.646269 0.038627 0.074627
0 0.176681 0.734328 0.038627 0.107463
0 0.272532 0.556716 0.038627 0.104478
0 0.293276 0.665672 0.037196 0.107463
0 0.350501 0.676119 0.031474 0.104478
0 0.538627 0.671642 0.038627 0.101493
0 0.587268 0.665672 0.035765 0.095522
0 0.641631 0.607463 0.044349 0.080597
0 0.701001 0.668657 0.034335 0.095522
0 0.748212 0.673134 0.034335 0.086567
0 0.861946 0.798507 0.050072 0.146269
0 0.857654 0.574627 0.050072 0.080597
0 0.862661 0.344776 0.037196 0.146269
0 0.794707 0.464179 0.041488 0.086567
0 0.638054 0.474627 0.042918 0.089552
0 0.441345 0.056716 0.047210 0.083582
0 0.510730 0.150746 0.042918 0.098507
