0 0.156364 0.336066 0.036364 0.049180
0 0.154545 0.387978 0.040000 0.043716
0 0.154545 0.587432 0.040000 0.049180
0 0.150909 0.669399 0.040000 0.049180
0 0.174545 0.822404 0.036364 0.049180
0 0.289091 0.825137 0.040000 0.054645
0 0.347273 0.666667 0.040000 0.054645
0 0.460000 0.590164 0.040000 0.043716
0 0.416364 0.713115 0.040000 0.060109
0 0.350909 0.923497 0.032727 0.043716
0 0.574545 0.718579 0.036364 0.049180
0 0.445455 0.912568 0.025455 0.032787
0 0.534545 0.912568 0.029091 0.043716
0 0.814545 0.759563 0.043636 0.054645
0 0.849091 0.808743 0.040000 0.054645
0 0.865455 0.519126 0.029091 0.054645
0 0.800000 0.341530 0.029091 0.049180
0 0.834545 0.341530 0.032727 0.049180
