0 0.251250 0.325000 0.087500 0.066667
0 0.148750 0.460833 0.045000 0.048333
0 0.114375 0.510000 0.046250 0.056667
0 0.118750 0.838333 0.072500 0.053333
0 0.252500 0.841667 0.077500 0.053333
0 0.393125 0.847500 0.081250 0.065000
0 0.556875 0.735000 0.071250 0.046667
0 0.362500 0.455833 0.037500 0.048333
0 0.540000 0.460000 0.045000 0.053333
0 0.591250 0.459167 0.042500 0.061667
0 0.665625 0.600000 0.033750 0.056667
0 0.668125 0.383333 0.043750 0.053333
0 0.771250 0.520833 0.042500 0.058333
0 0.707500 0.634167 0.035000 0.051667
0 0.843125 0.505000 0.043750 0.056667
0 0.840000 0.640000 0.047500 0.060000
