0 0.136624 0.201493 0.044349 0.140299
0 0.133047 0.417910 0.042918 0.089552
0 0.139485 0.658209 0.041488 0.152239
0 0.203147 0.526866 0.040057 0.080597
0 0.355508 0.525373 0.035765 0.083582
0 0.255365 0.328358 0.038627 0.071642
0 0.298283 0.328358 0.038627 0.071642
0 0.350501 0.392537 0.040057 0.080597
0 0.414163 0.332836 0.038627 0.086567
0 0.458512 0.332836 0.035765 0.086567
0 0.647353 0.328358 0.038627 0.077612
0 0.706724 0.325373 0.037196 0.083582
0 0.729614 0.441791 0.040057 0.083582
0 0.784692 0.507463 0.035765 0.077612
0 0.821888 0.256716 0.038627 0.077612
0 0.861946 0.350746 0.035765 0.080597
0 0.862661 0.614925 0.031474 0.071642
0 0.484263 0.852239 0.044349 0.080597
0 0.555079 0.941791 0.042918 0.098507
