0 0.138770 0.349254 0.045780 0.077612
0 0.173104 0.262687 0.040057 0.071642
0 0.135193 0.607463 0.038627 0.074627
0 0.215308 0.507463 0.035765 0.077612
0 0.267525 0.438806 0.037196 0.089552
0 0.291845 0.326866 0.040057 0.068657
0 0.350501 0.329851 0.037196 0.080597
0 0.442060 0.943284 0.048641 0.107463
0 0.515737 0.862687 0.052933 0.083582
0 0.546495 0.334328 0.034335 0.095522
0 0.587268 0.332836 0.030043 0.080597
0 0.652361 0.397015 0.040057 0.089552
0 0.703147 0.329851 0.035765 0.104478
0 0.746781 0.344776 0.034335 0.116418
0 0.858369 0.208955 0.051502 0.149254
0 0.861946 0.423881 0.055794 0.089552
0 0.797568 0.522388 0.041488 0.101493
0 0.643777 0.522388 0.045780 0.101493
0 0.861946 0.665672 0.055794 0.155224
