0 0.182090 0.133047 0.185075 0.048641
0 0.410448 0.133763 0.098507 0.044349
0 0.644776 0.135908 0.167164 0.045780
0 0.355224 0.252504 0.131343 0.035765
0 0.534328 0.201717 0.143284 0.028612
0 0.346269 0.293991 0.125373 0.030043
0 0.383582 0.347639 0.116418 0.045780
0 0.510448 0.351931 0.101493 0.045780
0 0.317910 0.412732 0.086567 0.035765
0 0.322388 0.457797 0.095522 0.034335
0 0.849254 0.485694 0.098507 0.044349
0 0.926866 0.550787 0.146269 0.048641
0 0.340299 0.646638 0.131343 0.031474
0 0.320896 0.703147 0.110448 0.041488
0 0.432836 0.731760 0.095522 0.032904
0 0.256716 0.820458 0.113433 0.041488
0 0.350746 0.859084 0.098507 0.050072
0 0.522388 0.788269 0.107463 0.028612
0 0.619403 0.864092 0.056716 0.034335
