0 0.247232 0.840104 0.073801 0.040625
0 0.366236 0.841667 0.075646 0.035417
0 0.748155 0.814583 0.064576 0.033333
0 0.475092 0.746875 0.075646 0.039583
0 0.563653 0.705208 0.064576 0.045833
0 0.402214 0.664583 0.070111 0.039583
0 0.714945 0.638021 0.068266 0.051042
0 0.561808 0.595833 0.071956 0.039583
0 0.468635 0.497917 0.088561 0.041667
0 0.619004 0.500521 0.079336 0.051042
0 0.556273 0.438021 0.075646 0.063542
0 0.299815 0.373437 0.079336 0.044792
0 0.166052 0.375521 0.077491 0.046875
0 0.390221 0.329688 0.075646 0.051042
0 0.563653 0.338542 0.127306 0.058333
