0 0.162778 0.096000 0.030000 0.044000
0 0.208333 0.314000 0.041111 0.056000
0 0.192778 0.374000 0.036667 0.048000
0 0.191111 0.460000 0.037778 0.048000
0 0.211667 0.521000 0.030000 0.054000
0 0.212222 0.640000 0.033333 0.100000
0 0.211111 0.783000 0.031111 0.054000
0 0.115000 0.835000 0.032222 0.066000
0 0.240556 0.919000 0.036667 0.058000
0 0.329444 0.715000 0.032222 0.062000
0 0.410000 0.717000 0.033333 0.062000
0 0.498889 0.715000 0.031111 0.062000
0 0.574444 0.713000 0.031111 0.058000
0 0.640000 0.678000 0.064444 0.068000
0 0.701667 0.719000 0.034444 0.062000
0 0.783333 0.678000 0.035556 0.060000
0 0.784444 0.532000 0.033333 0.056000
0 0.781667 0.399000 0.032222 0.054000
0 0.826667 0.088000 0.073333 0.076000
0 0.672778 0.383000 0.072222 0.058000
0 0.603889 0.328000 0.038889 0.120000
0 0.385556 0.499000 0.040000 0.102000
0 0.292778 0.246000 0.041111 0.068000
0 0.351667 0.542000 0.027778 0.072000
