0 0.163636 0.341530 0.036364 0.049180
0 0.130909 0.513661 0.029091 0.043716
0 0.150909 0.803279 0.032727 0.054645
0 0.190909 0.762295 0.032727 0.049180
0 0.425455 0.715847 0.036364 0.054645
0 0.538182 0.592896 0.029091 0.049180
0 0.581818 0.715847 0.036364 0.054645
0 0.649091 0.666667 0.040000 0.065574
0 0.707273 0.822404 0.040000 0.049180
0 0.825455 0.819672 0.036364 0.054645
0 0.847273 0.672131 0.036364 0.054645
0 0.847273 0.590164 0.036364 0.054645
0 0.841818 0.338798 0.040000 0.043716
0 0.658182 0.341530 0.036364 0.049180
0 0.703636 0.346995 0.032727 0.049180
