0 0.347959 0.042120 0.144898 0.054348
0 0.533673 0.033967 0.128571 0.054348
0 0.125510 0.358696 0.051020 0.024457
0 0.310204 0.360734 0.053061 0.039402
0 0.252041 0.410326 0.038776 0.035326
0 0.247959 0.513587 0.051020 0.029891
0 0.268367 0.590353 0.046939 0.033967
0 0.161224 0.641984 0.053061 0.028533
0 0.209184 0.778533 0.071429 0.032609
0 0.278571 0.719429 0.038776 0.025815
0 0.282653 0.818614 0.046939 0.033967
0 0.407143 0.955842 0.059184 0.039402
0 0.535714 0.791440 0.124490 0.052989
0 0.829592 0.389266 0.067347 0.047554
