0 0.038043 0.408163 0.035326 0.053061
0 0.207201 0.542857 0.052989 0.134694
0 0.180027 0.283673 0.028533 0.032653
0 0.221467 0.208163 0.027174 0.048980
0 0.278533 0.278571 0.035326 0.046939
0 0.353940 0.162245 0.036685 0.046939
0 0.408288 0.264286 0.028533 0.038776
0 0.484375 0.247959 0.033967 0.059184
0 0.588995 0.252041 0.023098 0.038776
0 0.639266 0.314286 0.036685 0.044898
0 0.637908 0.127551 0.028533 0.042857
0 0.959918 0.342857 0.052989 0.130612
0 0.959918 0.534694 0.058424 0.130612
0 0.606658 0.832653 0.033967 0.044898
