0 0.157292 0.750923 0.037500 0.066421
0 0.159896 0.633764 0.038542 0.057196
0 0.253125 0.525830 0.041667 0.073801
0 0.333854 0.591328 0.044792 0.075646
0 0.358854 0.283210 0.042708 0.057196
0 0.184375 0.257380 0.031250 0.053506
0 0.498958 0.369926 0.052083 0.064576
0 0.563021 0.445572 0.061458 0.068266
0 0.505729 0.529520 0.042708 0.073801
0 0.405729 0.428967 0.036458 0.060886
0 0.659375 0.428044 0.062500 0.103321
0 0.669792 0.605166 0.047917 0.081181
0 0.623437 0.694649 0.040625 0.071956
0 0.625000 0.832103 0.037500 0.073801
