0 0.174863 0.170909 0.043716 0.029091
0 0.319672 0.152727 0.049180 0.036364
0 0.404372 0.152727 0.054645 0.036364
0 0.606557 0.152727 0.054645 0.036364
0 0.661202 0.160000 0.054645 0.036364
0 0.650273 0.294545 0.054645 0.036364
0 0.174863 0.294545 0.065574 0.036364
0 0.330601 0.350909 0.081967 0.040000
0 0.284153 0.412727 0.065574 0.040000
0 0.404372 0.461818 0.054645 0.036364
0 0.284153 0.580000 0.065574 0.040000
0 0.240437 0.812727 0.065574 0.040000
0 0.191257 0.847273 0.054645 0.036364
0 0.494536 0.863636 0.060109 0.040000
