0 0.121250 0.160000 0.077500 0.060000
0 0.256875 0.160833 0.081250 0.058333
0 0.393750 0.156667 0.077500 0.060000
0 0.558750 0.265833 0.077500 0.068333
0 0.542500 0.536667 0.040000 0.053333
0 0.365000 0.540000 0.045000 0.063333
0 0.255625 0.676667 0.088750 0.070000
0 0.145000 0.543333 0.040000 0.050000
0 0.115000 0.489167 0.045000 0.045000
0 0.592500 0.535833 0.042500 0.041667
0 0.664375 0.398333 0.036250 0.060000
0 0.666875 0.612500 0.041250 0.065000
0 0.772500 0.473333 0.042500 0.060000
0 0.847500 0.494167 0.047500 0.065000
0 0.843750 0.351667 0.042500 0.050000
0 0.705625 0.365833 0.038750 0.041667
