0 0.172727 0.180328 0.032727 0.054645
0 0.154545 0.330601 0.040000 0.049180
0 0.152727 0.407104 0.043636 0.049180
0 0.154545 0.609290 0.040000 0.049180
0 0.158182 0.663934 0.040000 0.038251
0 0.296364 0.653005 0.032727 0.049180
0 0.336364 0.658470 0.032727 0.049180
0 0.349091 0.330601 0.036364 0.060109
0 0.292727 0.177596 0.032727 0.049180
0 0.461818 0.409836 0.036364 0.043716
0 0.418182 0.284153 0.029091 0.043716
0 0.572727 0.286885 0.032727 0.049180
0 0.807273 0.237705 0.036364 0.049180
0 0.845455 0.188525 0.032727 0.049180
0 0.798182 0.650273 0.032727 0.043716
0 0.838182 0.655738 0.032727 0.043716
