0 0.250000 0.154167 0.068266 0.035417
0 0.365314 0.157812 0.062731 0.040625
0 0.406827 0.332813 0.079336 0.044792
0 0.477860 0.251042 0.073801 0.039583
0 0.742620 0.182812 0.053506 0.034375
0 0.716790 0.358854 0.057196 0.051042
0 0.570111 0.406250 0.081181 0.041667
0 0.474170 0.504167 0.062731 0.041667
0 0.620849 0.502083 0.064576 0.060417
0 0.552583 0.557292 0.071956 0.062500
0 0.166052 0.620313 0.077491 0.042708
0 0.304428 0.622917 0.073801 0.041667
0 0.386531 0.669271 0.108856 0.053125
0 0.562731 0.661458 0.118081 0.060417
