0 0.151875 0.506667 0.056250 0.060000
0 0.152500 0.647500 0.037500 0.045000
0 0.290625 0.630833 0.038750 0.048333
0 0.226875 0.520833 0.041250 0.058333
0 0.334375 0.584167 0.048750 0.051667
0 0.331250 0.385833 0.050000 0.058333
0 0.439375 0.730833 0.076250 0.061667
0 0.600625 0.836667 0.076250 0.070000
0 0.742500 0.835833 0.077500 0.061667
0 0.876250 0.840000 0.080000 0.066667
0 0.848750 0.452500 0.045000 0.048333
0 0.884375 0.510833 0.038750 0.051667
0 0.748125 0.329167 0.091250 0.078333
0 0.630000 0.460000 0.052500 0.063333
0 0.459375 0.459167 0.038750 0.068333
0 0.406875 0.463333 0.038750 0.050000
