0 0.144492 0.337313 0.057225 0.161194
0 0.201717 0.465672 0.042918 0.077612
0 0.354077 0.467164 0.041488 0.074627
0 0.136624 0.795522 0.044349 0.158209
0 0.138054 0.582090 0.047210 0.095522
0 0.253934 0.659701 0.035765 0.083582
0 0.296137 0.664179 0.034335 0.086567
0 0.350501 0.598507 0.037196 0.074627
0 0.412017 0.671642 0.037196 0.077612
0 0.458512 0.668657 0.038627 0.077612
0 0.647353 0.668657 0.035765 0.077612
0 0.704578 0.673134 0.038627 0.074627
0 0.482833 0.150746 0.035765 0.074627
0 0.555079 0.049254 0.042918 0.092537
0 0.726753 0.550746 0.034335 0.080597
0 0.782546 0.501493 0.040057 0.077612
0 0.861230 0.376119 0.034335 0.083582
0 0.861230 0.650746 0.037196 0.071642
0 0.822604 0.747761 0.037196 0.074627
