0 0.173333 0.099000 0.066667 0.074000
0 0.215000 0.401000 0.034444 0.058000
0 0.217222 0.533000 0.038889 0.054000
0 0.217222 0.671000 0.038889 0.054000
0 0.299444 0.720000 0.030000 0.052000
0 0.360000 0.681000 0.057778 0.062000
0 0.424444 0.713000 0.031111 0.058000
0 0.500000 0.718000 0.026667 0.052000
0 0.593333 0.716000 0.033333 0.056000
0 0.670000 0.719000 0.026667 0.062000
0 0.758333 0.919000 0.030000 0.062000
0 0.885000 0.836000 0.030000 0.052000
0 0.788333 0.645000 0.036667 0.102000
0 0.788333 0.522000 0.032222 0.052000
0 0.806667 0.460000 0.035556 0.060000
0 0.806111 0.378000 0.036667 0.056000
0 0.795556 0.308000 0.035556 0.068000
0 0.710556 0.246000 0.030000 0.052000
0 0.834444 0.089000 0.033333 0.050000
0 0.394444 0.332000 0.042222 0.128000
0 0.323333 0.391000 0.062222 0.078000
0 0.613889 0.500000 0.032222 0.100000
0 0.649444 0.546000 0.027778 0.052000
